[[9. 6. 3. 0. 0. 0. 0. 0. 0.]],[[6. 4. 2. 0. 0. 0. 0. 0. 0.]],[[3. 2. 1. 0. 0. 0. 0. 0. 0.]],[[0. 0. 0. 9. 6. 3. 0. 0. 0.]],[[0. 0. 0. 6. 4. 2. 0. 0. 0.]],[[0. 0. 0. 3. 2. 1. 0. 0. 0.]],[[0.  0.  0.  0.  0.  0.  0.1 0.  0. ]],[[0.  0.  0.  0.  0.  0.  0.  0.1 0. ]],[[0.  0.  0.  0.  0.  0.  0.  0.  0.1]]
[[9. 6. 3. 0. 0. 0. 0. 0. 0.]],[[6. 4. 2. 0. 0. 0. 0. 0. 0.]],[[3. 2. 1. 0. 0. 0. 0. 0. 0.]],[[0. 0. 0. 9. 6. 3. 0. 0. 0.]],[[0. 0. 0. 6. 4. 2. 0. 0. 0.]],[[0. 0. 0. 3. 2. 1. 0. 0. 0.]],[[0.  0.  0.  0.  0.  0.  0.1 0.  0. ]],[[0.  0.  0.  0.  0.  0.  0.  0.1 0. ]],[[0.  0.  0.  0.  0.  0.  0.  0.  0.1]]
[[9. 6. 3. 0. 0. 0. 0. 0. 0.]],[[6. 4. 2. 0. 0. 0. 0. 0. 0.]],[[3. 2. 1. 0. 0. 0. 0. 0. 0.]],[[0. 0. 0. 9. 6. 3. 0. 0. 0.]],[[0. 0. 0. 6. 4. 2. 0. 0. 0.]],[[0. 0. 0. 3. 2. 1. 0. 0. 0.]],[[0.  0.  0.  0.  0.  0.  0.1 0.  0. ]],[[0.  0.  0.  0.  0.  0.  0.  0.1 0. ]],[[0.  0.  0.  0.  0.  0.  0.  0.  0.1]]
[[9. 6. 3. 0. 0. 0. 0. 0. 0.]],[[6. 4. 2. 0. 0. 0. 0. 0. 0.]],[[3. 2. 1. 0. 0. 0. 0. 0. 0.]],[[0. 0. 0. 9. 6. 3. 0. 0. 0.]],[[0. 0. 0. 6. 4. 2. 0. 0. 0.]],[[0. 0. 0. 3. 2. 1. 0. 0. 0.]],[[0.  0.  0.  0.  0.  0.  0.1 0.  0. ]],[[0.  0.  0.  0.  0.  0.  0.  0.1 0. ]],[[0.  0.  0.  0.  0.  0.  0.  0.  0.1]]
[[9. 6. 3. 0. 0. 0. 0. 0. 0.]],[[6. 4. 2. 0. 0. 0. 0. 0. 0.]],[[3. 2. 1. 0. 0. 0. 0. 0. 0.]],[[0. 0. 0. 9. 6. 3. 0. 0. 0.]],[[0. 0. 0. 6. 4. 2. 0. 0. 0.]],[[0. 0. 0. 3. 2. 1. 0. 0. 0.]],[[0.  0.  0.  0.  0.  0.  0.1 0.  0. ]],[[0.  0.  0.  0.  0.  0.  0.  0.1 0. ]],[[0.  0.  0.  0.  0.  0.  0.  0.  0.1]]
[[9. 6. 3. 0. 0. 0. 0. 0. 0.]],[[6. 4. 2. 0. 0. 0. 0. 0. 0.]],[[3. 2. 1. 0. 0. 0. 0. 0. 0.]],[[0. 0. 0. 9. 6. 3. 0. 0. 0.]],[[0. 0. 0. 6. 4. 2. 0. 0. 0.]],[[0. 0. 0. 3. 2. 1. 0. 0. 0.]],[[0.  0.  0.  0.  0.  0.  0.1 0.  0. ]],[[0.  0.  0.  0.  0.  0.  0.  0.1 0. ]],[[0.  0.  0.  0.  0.  0.  0.  0.  0.1]]
[[9. 6. 3. 0. 0. 0. 0. 0. 0.]],[[6. 4. 2. 0. 0. 0. 0. 0. 0.]],[[3. 2. 1. 0. 0. 0. 0. 0. 0.]],[[0. 0. 0. 9. 6. 3. 0. 0. 0.]],[[0. 0. 0. 6. 4. 2. 0. 0. 0.]],[[0. 0. 0. 3. 2. 1. 0. 0. 0.]],[[0.  0.  0.  0.  0.  0.  0.1 0.  0. ]],[[0.  0.  0.  0.  0.  0.  0.  0.1 0. ]],[[0.  0.  0.  0.  0.  0.  0.  0.  0.1]]
[[9. 6. 3. 0. 0. 0. 0. 0. 0.]],[[6. 4. 2. 0. 0. 0. 0. 0. 0.]],[[3. 2. 1. 0. 0. 0. 0. 0. 0.]],[[0. 0. 0. 9. 6. 3. 0. 0. 0.]],[[0. 0. 0. 6. 4. 2. 0. 0. 0.]],[[0. 0. 0. 3. 2. 1. 0. 0. 0.]],[[0.  0.  0.  0.  0.  0.  0.1 0.  0. ]],[[0.  0.  0.  0.  0.  0.  0.  0.1 0. ]],[[0.  0.  0.  0.  0.  0.  0.  0.  0.1]]
[[9. 6. 3. 0. 0. 0. 0. 0. 0.]],[[6. 4. 2. 0. 0. 0. 0. 0. 0.]],[[3. 2. 1. 0. 0. 0. 0. 0. 0.]],[[0. 0. 0. 9. 6. 3. 0. 0. 0.]],[[0. 0. 0. 6. 4. 2. 0. 0. 0.]],[[0. 0. 0. 3. 2. 1. 0. 0. 0.]],[[0.  0.  0.  0.  0.  0.  0.1 0.  0. ]],[[0.  0.  0.  0.  0.  0.  0.  0.1 0. ]],[[0.  0.  0.  0.  0.  0.  0.  0.  0.1]]
[[900. 600. 300.   0.   0.   0.]],[[600. 400. 200.   0.   0.   0.]],[[300. 200. 100.   0.   0.   0.]],[[  0.   0.   0. 900. 600. 300.]],[[  0.   0.   0. 600. 400. 200.]],[[  0.   0.   0. 300. 200. 100.]]
[[8.9999 6.     3.     0.     0.     0.     0.     0.     0.    ]],[[ 6.  4.  2. -0. -0. -0.  0.  0.  0.]],[[3. 2. 1. 0. 0. 0. 0. 0. 0.]],[[ 0.     -0.      0.      8.9999  6.      3.      0.      0.      0.    ]],[[ 0. -0.  0.  6.  4.  2.  0.  0.  0.]],[[ 0. -0.  0.  3.  2.  1.  0.  0.  0.]],[[0.  0.  0.  0.  0.  0.  0.1 0.  0. ]],[[0.  0.  0.  0.  0.  0.  0.  0.1 0. ]],[[0.  0.  0.  0.  0.  0.  0.  0.  0.1]]
[[9.4499 6.5484 3.6868 0.0129 0.007  0.0019 0.     0.     0.    ]],[[6.5484 4.6684 2.8372 0.0118 0.0059 0.001  0.     0.     0.    ]],[[ 3.6868  2.8372  2.0485  0.0111  0.0049 -0.      0.      0.      0.    ]],[[0.0129 0.0118 0.0111 8.9999 6.     3.     0.     0.     0.    ]],[[0.007  0.0059 0.0049 6.     4.     2.     0.     0.     0.    ]],[[ 0.0019  0.001  -0.      3.      2.      1.      0.      0.      0.    ]],[[0.  0.  0.  0.  0.  0.  0.1 0.  0. ]],[[0.  0.  0.  0.  0.  0.  0.  0.1 0. ]],[[0.  0.  0.  0.  0.  0.  0.  0.  0.1]]
[[ 9.3718  6.5553  3.54   -0.2288 -0.1311 -0.0273  0.      0.      0.    ]],[[ 6.5553  4.8193  2.7937 -0.1998 -0.1021  0.0044  0.      0.      0.    ]],[[ 3.54    2.7937  1.7694 -0.2046 -0.1065 -0.      0.      0.      0.    ]],[[-0.2288 -0.1998 -0.2046  8.9726  5.9789  2.9863  0.      0.      0.    ]],[[-0.1311 -0.1021 -0.1065  5.9789  3.9852  1.9926  0.      0.      0.    ]],[[-0.0273  0.0044 -0.      2.9863  1.9926  1.      0.      0.      0.    ]],[[0.  0.  0.  0.  0.  0.  0.1 0.  0. ]],[[0.  0.  0.  0.  0.  0.  0.  0.1 0. ]],[[0.  0.  0.  0.  0.  0.  0.  0.  0.1]]
[[ 9.2669  6.468   3.4295 -0.3994 -0.2172 -0.0479  0.      0.      0.    ]],[[ 6.468   4.7625  2.6921 -0.3235 -0.1413  0.0212  0.      0.      0.    ]],[[ 3.4295  2.6921  1.6325 -0.3424 -0.1625 -0.      0.      0.      0.    ]],[[-0.3994 -0.3235 -0.3424  8.9055  5.9316  2.953   0.      0.      0.    ]],[[-0.2172 -0.1413 -0.1625  5.9316  3.9578  1.9789  0.      0.      0.    ]],[[-0.0479  0.0212 -0.      2.953   1.9789  1.      0.      0.      0.    ]],[[0.  0.  0.  0.  0.  0.  0.1 0.  0. ]],[[0.  0.  0.  0.  0.  0.  0.  0.1 0. ]],[[0.  0.  0.  0.  0.  0.  0.  0.  0.1]]
[[ 9.1308  6.3463  3.3265 -0.5578 -0.2958 -0.0686  0.      0.      0.    ]],[[ 6.3463  4.6489  2.5926 -0.4371 -0.1751  0.0326  0.      0.      0.    ]],[[ 3.3265  2.5926  1.5499 -0.4619 -0.2077  0.      0.      0.      0.    ]],[[-0.5578 -0.4371 -0.4619  8.7943  5.8572  2.8994  0.      0.      0.    ]],[[-0.2958 -0.1751 -0.2077  5.8572  3.92    1.96    0.      0.      0.    ]],[[-0.0686  0.0326  0.      2.8994  1.96    1.      0.      0.      0.    ]],[[0.  0.  0.  0.  0.  0.  0.1 0.  0. ]],[[0.  0.  0.  0.  0.  0.  0.  0.1 0. ]],[[0.  0.  0.  0.  0.  0.  0.  0.  0.1]]
[[ 8.9864  6.222   3.2311 -0.6696 -0.3503 -0.0828  0.      0.      0.    ]],[[ 6.222   4.5338  2.5062 -0.519  -0.1997  0.0382  0.      0.      0.    ]],[[ 3.2311  2.5062  1.4914 -0.5452 -0.238   0.      0.      0.      0.    ]],[[-0.6696 -0.519  -0.5452  8.6674  5.7743  2.8395  0.      0.      0.    ]],[[-0.3503 -0.1997 -0.238   5.7743  3.8812  1.9406  0.      0.      0.    ]],[[-0.0828  0.0382  0.      2.8395  1.9406  1.      0.      0.      0.    ]],[[0.  0.  0.  0.  0.  0.  0.1 0.  0. ]],[[0.  0.  0.  0.  0.  0.  0.  0.1 0. ]],[[0.  0.  0.  0.  0.  0.  0.  0.  0.1]]
[[ 8.8327  6.0958  3.1403 -0.7575 -0.3929 -0.0931  0.      0.      0.    ]],[[ 6.0958  4.4226  2.4318 -0.5889 -0.2243  0.0386  0.      0.      0.    ]],[[ 3.1403  2.4318  1.4508 -0.6131 -0.2629  0.      0.      0.      0.    ]],[[-0.7575 -0.5889 -0.6131  8.5252  5.6827  2.7733  0.      0.      0.    ]],[[-0.3929 -0.2243 -0.2629  5.6827  3.8403  1.9201  0.      0.      0.    ]],[[-0.0931  0.0386  0.      2.7733  1.9201  1.      0.      0.      0.    ]],[[0.  0.  0.  0.  0.  0.  0.1 0.  0. ]],[[0.  0.  0.  0.  0.  0.  0.  0.1 0. ]],[[0.  0.  0.  0.  0.  0.  0.  0.  0.1]]
[[ 8.6637  5.9585  3.0535 -0.8402 -0.4349 -0.1032  0.      0.      0.    ]],[[ 5.9585  4.2997  2.366  -0.6725 -0.2673  0.0256  0.      0.      0.    ]],[[ 3.0535  2.366   1.4357 -0.6877 -0.2928 -0.      0.      0.      0.    ]],[[-0.8402 -0.6725 -0.6877  8.3623  5.5774  2.6976  0.      0.      0.    ]],[[-0.4349 -0.2673 -0.2928  5.5774  3.7924  1.8962  0.      0.      0.    ]],[[-0.1032  0.0256 -0.      2.6976  1.8962  1.      0.      0.      0.    ]],[[0.  0.  0.  0.  0.  0.  0.1 0.  0. ]],[[0.  0.  0.  0.  0.  0.  0.  0.1 0. ]],[[0.  0.  0.  0.  0.  0.  0.  0.  0.1]]
[[ 8.5032  5.8121  2.9871 -0.9139 -0.4775 -0.1154  0.      0.      0.    ]],[[ 5.8121  4.1378  2.3001 -0.8027 -0.3663 -0.0303  0.      0.      0.    ]],[[ 2.9871  2.3001  1.4662 -0.7848 -0.336  -0.      0.      0.      0.    ]],[[-0.9139 -0.8027 -0.7848  8.2073  5.4742  2.6241  0.      0.      0.    ]],[[-0.4775 -0.3663 -0.336   5.4742  3.741   1.8705  0.      0.      0.    ]],[[-0.1154 -0.0303 -0.      2.6241  1.8705  1.      0.      0.      0.    ]],[[0.  0.  0.  0.  0.  0.  0.1 0.  0. ]],[[0.  0.  0.  0.  0.  0.  0.  0.1 0. ]],[[0.  0.  0.  0.  0.  0.  0.  0.  0.1]]
[[801.7427 534.5641 252.9883  13.3372   9.4898   5.0421]],[[534.5641 368.965  182.0945  24.9537  21.1063  14.0446]],[[252.9883 182.0945 101.616   16.1674   7.0617  -0.    ]],[[ 13.3372  24.9537  16.1674 801.4864 533.8941 252.9299]],[[  9.4898  21.1063   7.0617 533.8941 366.3018 183.1509]],[[  5.0421  14.0446  -0.     252.9299 183.1509 100.    ]]
[[9. 6. 3. 0. 0. 0. 0. 0. 0.]],[[ 6.  4.  2. -0. -0. -0.  0.  0.  0.]],[[3. 2. 1. 0. 0. 0. 0. 0. 0.]],[[ 0. -0.  0.  9.  6.  3.  0.  0.  0.]],[[ 0. -0.  0.  6.  4.  2.  0.  0.  0.]],[[ 0. -0.  0.  3.  2.  1.  0.  0.  0.]],[[0.  0.  0.  0.  0.  0.  0.1 0.  0. ]],[[0.  0.  0.  0.  0.  0.  0.  0.1 0. ]],[[0.  0.  0.  0.  0.  0.  0.  0.  0.1]]
[[9.6573 6.2577 4.3786 0.0172 0.0097 0.0032 0.     0.     0.    ]],[[6.2577 4.1011 2.5406 0.0204 0.0129 0.0058 0.     0.     0.    ]],[[ 4.3786  2.5406  3.8915  0.0161  0.0071 -0.      0.      0.      0.    ]],[[0.0172 0.0204 0.0161 9.     6.     3.     0.     0.     0.    ]],[[0.0097 0.0129 0.0071 6.     4.     2.     0.     0.     0.    ]],[[ 0.0032  0.0058 -0.      3.      2.      1.      0.      0.      0.    ]],[[0.  0.  0.  0.  0.  0.  0.1 0.  0. ]],[[0.  0.  0.  0.  0.  0.  0.  0.1 0. ]],[[0.  0.  0.  0.  0.  0.  0.  0.  0.1]]
[[ 9.5357  6.5673  4.115  -0.9545 -0.6526 -0.2108  0.      0.      0.    ]],[[ 6.5673  4.599   3.1345 -0.9551 -0.6533 -0.2098  0.      0.      0.    ]],[[ 4.115   3.1345  3.1516 -0.6137 -0.4435  0.      0.      0.      0.    ]],[[-0.9545 -0.9551 -0.6137  8.8566  5.8815  2.9464  0.      0.      0.    ]],[[-0.6526 -0.6533 -0.4435  5.8815  3.9064  1.9532  0.      0.      0.    ]],[[-0.2108 -0.2098  0.      2.9464  1.9532  1.      0.      0.      0.    ]],[[0.  0.  0.  0.  0.  0.  0.1 0.  0. ]],[[0.  0.  0.  0.  0.  0.  0.  0.1 0. ]],[[0.  0.  0.  0.  0.  0.  0.  0.  0.1]]
[[ 9.1671  6.5626  3.7248 -0.9063 -0.5962 -0.1197  0.      0.      0.    ]],[[ 6.5626  5.184   3.3089 -0.9042 -0.594   0.0043  0.      0.      0.    ]],[[ 3.7248  3.3089  2.4338 -0.9107 -0.5983 -0.      0.      0.      0.    ]],[[-0.9063 -0.9042 -0.9107  8.5963  5.6644  2.8316  0.      0.      0.    ]],[[-0.5962 -0.594  -0.5983  5.6644  3.7324  1.8662  0.      0.      0.    ]],[[-0.1197  0.0043 -0.      2.8316  1.8662  1.      0.      0.      0.    ]],[[0.  0.  0.  0.  0.  0.  0.1 0.  0. ]],[[0.  0.  0.  0.  0.  0.  0.  0.1 0. ]],[[0.  0.  0.  0.  0.  0.  0.  0.  0.1]]
[[ 8.7905  6.3766  3.3201 -0.7052 -0.4154 -0.0095  0.      0.      0.    ]],[[ 6.3766  5.5912  3.091  -0.5305 -0.2406  0.3292  0.      0.      0.    ]],[[ 3.3201  3.091   1.8869 -0.9723 -0.5699 -0.      0.      0.      0.    ]],[[-0.7052 -0.5305 -0.9723  8.3572  5.4748  2.7003  0.      0.      0.    ]],[[-0.4154 -0.2406 -0.5699  5.4748  3.5923  1.7961  0.      0.      0.    ]],[[-0.0095  0.3292 -0.      2.7003  1.7961  1.      0.      0.      0.    ]],[[0.  0.  0.  0.  0.  0.  0.1 0.  0. ]],[[0.  0.  0.  0.  0.  0.  0.  0.1 0. ]],[[0.  0.  0.  0.  0.  0.  0.  0.  0.1]]
[[ 8.565   6.2304  3.0512 -0.7616 -0.3994  0.      0.      0.      0.    ]],[[ 6.2304  5.7698  2.7975 -0.292   0.0702  0.5394  0.      0.      0.    ]],[[ 3.0512  2.7975  1.5438 -0.8946 -0.4692 -0.      0.      0.      0.    ]],[[-0.7616 -0.292  -0.8946  8.1709  5.3569  2.5883  0.      0.      0.    ]],[[-0.3994  0.0702 -0.4692  5.3569  3.5429  1.7715  0.      0.      0.    ]],[[ 0.      0.5394 -0.      2.5883  1.7715  1.      0.      0.      0.    ]],[[0.  0.  0.  0.  0.  0.  0.1 0.  0. ]],[[0.  0.  0.  0.  0.  0.  0.  0.1 0. ]],[[0.  0.  0.  0.  0.  0.  0.  0.  0.1]]
[[ 8.4297  6.1097  2.9053 -1.0786 -0.5527 -0.0739  0.      0.      0.    ]],[[ 6.1097  5.6068  2.5899 -0.3493  0.1766  0.5618  0.      0.      0.    ]],[[ 2.9053  2.5899  1.3789 -0.8181 -0.3852  0.      0.      0.      0.    ]],[[-1.0786 -0.3493 -0.8181  7.9712  5.2656  2.491   0.      0.      0.    ]],[[-0.5527  0.1766 -0.3852  5.2656  3.56    1.78    0.      0.      0.    ]],[[-0.0739  0.5618  0.      2.491   1.78    1.      0.      0.      0.    ]],[[0.  0.  0.  0.  0.  0.  0.1 0.  0. ]],[[0.  0.  0.  0.  0.  0.  0.  0.1 0. ]],[[0.  0.  0.  0.  0.  0.  0.  0.  0.1]]
[[ 8.2641  5.925   2.8391 -1.4001 -0.7212 -0.1563  0.      0.      0.    ]],[[ 5.925   5.0784  2.4981 -0.6403  0.0386  0.407   0.      0.      0.    ]],[[ 2.8391  2.4981  1.3726 -0.8584 -0.3684 -0.      0.      0.      0.    ]],[[-1.4001 -0.6403 -0.8584  7.7073  5.151   2.3937  0.      0.      0.    ]],[[-0.7212  0.0386 -0.3684  5.151   3.5947  1.7973  0.      0.      0.    ]],[[-0.1563  0.407  -0.      2.3937  1.7973  1.      0.      0.      0.    ]],[[0.  0.  0.  0.  0.  0.  0.1 0.  0. ]],[[0.  0.  0.  0.  0.  0.  0.  0.1 0. ]],[[0.  0.  0.  0.  0.  0.  0.  0.  0.1]]
[[ 7.9845  5.6334  2.8569 -1.4913 -0.7701 -0.1888  0.      0.      0.    ]],[[ 5.6334  4.3733  2.4774 -1.107  -0.3859  0.0735  0.      0.      0.    ]],[[ 2.8569  2.4774  1.5967 -1.1306 -0.4594 -0.      0.      0.      0.    ]],[[-1.4913 -1.107  -1.1306  7.427   5.0175  2.2989  0.      0.      0.    ]],[[-0.7701 -0.3859 -0.4594  5.0175  3.6079  1.804   0.      0.      0.    ]],[[-0.1888  0.0735 -0.      2.2989  1.804   1.      0.      0.      0.    ]],[[0.  0.  0.  0.  0.  0.  0.1 0.  0. ]],[[0.  0.  0.  0.  0.  0.  0.  0.1 0. ]],[[0.  0.  0.  0.  0.  0.  0.  0.  0.1]]
[[712.0222 483.4234 216.0351   6.9314   6.3878   4.0496]],[[483.4234 360.0228 174.3937  37.9342  37.3906  24.9568]],[[216.0351 174.3937 103.7096  30.0955  12.4338   0.    ]],[[  6.9314  37.9342  30.0955 711.8446 482.2928 216.2602]],[[  6.3878  37.3906  12.4338 482.2928 352.741  176.3705]],[[  4.0496  24.9568   0.     216.2602 176.3705 100.    ]]
[[9. 6. 3. 0. 0. 0. 0. 0. 0.]],[[ 6.  4.  2. -0. -0. -0.  0.  0.  0.]],[[3. 2. 1. 0. 0. 0. 0. 0. 0.]],[[ 0. -0.  0.  9.  6.  3.  0.  0.  0.]],[[ 0. -0.  0.  6.  4.  2.  0.  0.  0.]],[[ 0. -0.  0.  3.  2.  1.  0.  0.  0.]],[[0.  0.  0.  0.  0.  0.  0.1 0.  0. ]],[[0.  0.  0.  0.  0.  0.  0.  0.1 0. ]],[[0.  0.  0.  0.  0.  0.  0.  0.  0.1]]
[[9.8094 5.4069 5.1694 0.0188 0.0107 0.0037 0.     0.     0.    ]],[[5.4069 4.4348 0.4103 0.0284 0.0203 0.0113 0.     0.     0.    ]],[[5.1694 0.4103 6.8144 0.0208 0.0089 0.     0.     0.     0.    ]],[[0.0188 0.0284 0.0208 9.     6.     3.     0.     0.     0.    ]],[[0.0107 0.0203 0.0089 6.     4.     2.     0.     0.     0.    ]],[[0.0037 0.0113 0.     3.     2.     1.     0.     0.     0.    ]],[[0.  0.  0.  0.  0.  0.  0.1 0.  0. ]],[[0.  0.  0.  0.  0.  0.  0.  0.1 0. ]],[[0.  0.  0.  0.  0.  0.  0.  0.  0.1]]
[[ 9.3107  6.7287  4.2159 -1.1596 -0.8676 -0.2212  0.      0.      0.    ]],[[ 6.7287  5.2757  3.7747 -1.2916 -0.9997 -0.192   0.      0.      0.    ]],[[ 4.2159  3.7747  3.4099 -0.9339 -0.8077  0.      0.      0.      0.    ]],[[-1.1596 -1.2916 -0.9339  8.4883  5.5981  2.8507  0.      0.      0.    ]],[[-0.8676 -0.9997 -0.8077  5.5981  3.708   1.854   0.      0.      0.    ]],[[-0.2212 -0.192   0.      2.8507  1.854   1.      0.      0.      0.    ]],[[0.  0.  0.  0.  0.  0.  0.1 0.  0. ]],[[0.  0.  0.  0.  0.  0.  0.  0.1 0. ]],[[0.  0.  0.  0.  0.  0.  0.  0.  0.1]]
[[ 8.8721  6.6372  3.8717 -0.931  -0.6543 -0.057   0.      0.      0.    ]],[[ 6.6372  6.0397  4.0001 -1.0754 -0.7987  0.1579  0.      0.      0.    ]],[[ 3.8717  4.0001  3.0154 -1.3387 -0.9566 -0.      0.      0.      0.    ]],[[-0.931  -1.0754 -1.3387  8.1901  5.334   2.702   0.      0.      0.    ]],[[-0.6543 -0.7987 -0.9566  5.334   3.4778  1.7389  0.      0.      0.    ]],[[-0.057   0.1579 -0.      2.702   1.7389  1.      0.      0.      0.    ]],[[0.  0.  0.  0.  0.  0.  0.1 0.  0. ]],[[0.  0.  0.  0.  0.  0.  0.  0.1 0. ]],[[0.  0.  0.  0.  0.  0.  0.  0.  0.1]]
[[ 8.4399  6.3969  3.3746 -0.693  -0.416   0.0783  0.      0.      0.    ]],[[ 6.3969  6.6876  3.6987 -0.5442 -0.2672  0.6354  0.      0.      0.    ]],[[ 3.3746  3.6987  2.4071 -1.4748 -0.9026 -0.      0.      0.      0.    ]],[[-0.693  -0.5442 -1.4748  7.9205  5.1091  2.5248  0.      0.      0.    ]],[[-0.416  -0.2672 -0.9026  5.1091  3.2978  1.6489  0.      0.      0.    ]],[[ 0.0783  0.6354 -0.      2.5248  1.6489  1.      0.      0.      0.    ]],[[0.  0.  0.  0.  0.  0.  0.1 0.  0. ]],[[0.  0.  0.  0.  0.  0.  0.  0.1 0. ]],[[0.  0.  0.  0.  0.  0.  0.  0.  0.1]]
[[ 8.1612  6.2605  2.937  -0.6698 -0.3153  0.1285  0.      0.      0.    ]],[[6.2605 7.3801 3.1015 0.0563 0.4108 1.0843 0.     0.     0.    ]],[[ 2.937   3.1015  1.7395 -1.2517 -0.6735  0.      0.      0.      0.    ]],[[-0.6698  0.0563 -1.2517  7.6976  4.9706  2.362   0.      0.      0.    ]],[[-0.3153  0.4108 -0.6735  4.9706  3.2436  1.6218  0.      0.      0.    ]],[[0.1285 1.0843 0.     2.362  1.6218 1.     0.     0.     0.    ]],[[0.  0.  0.  0.  0.  0.  0.1 0.  0. ]],[[0.  0.  0.  0.  0.  0.  0.  0.1 0. ]],[[0.  0.  0.  0.  0.  0.  0.  0.  0.1]]
[[ 8.0159  6.3024  2.5274 -0.9646 -0.4055  0.0907  0.      0.      0.    ]],[[6.3024 8.4922 2.3401 0.636  1.1951 1.4901 0.     0.     0.    ]],[[ 2.5274  2.3401  1.1554 -0.6187 -0.2949  0.      0.      0.      0.    ]],[[-0.9646  0.636  -0.6187  7.4543  4.8908  2.2342  0.      0.      0.    ]],[[-0.4055  1.1951 -0.2949  4.8908  3.3272  1.6636  0.      0.      0.    ]],[[0.0907 1.4901 0.     2.2342 1.6636 1.     0.     0.     0.    ]],[[0.  0.  0.  0.  0.  0.  0.1 0.  0. ]],[[0.  0.  0.  0.  0.  0.  0.  0.1 0. ]],[[0.  0.  0.  0.  0.  0.  0.  0.  0.1]]
[[ 8.1015  6.231   2.0148 -1.9267 -0.9443 -0.1789  0.      0.      0.    ]],[[6.231  8.717  1.523  0.6216 1.6039 1.5104 0.     0.     0.    ]],[[2.0148 1.523  1.0219 0.2299 0.0936 0.     0.     0.     0.    ]],[[-1.9267  0.6216  0.2299  7.0889  4.8186  2.1611  0.      0.      0.    ]],[[-0.9443  1.6039  0.0936  4.8186  3.5483  1.7741  0.      0.      0.    ]],[[-0.1789  1.5104  0.      2.1611  1.7741  1.      0.      0.      0.    ]],[[0.  0.  0.  0.  0.  0.  0.1 0.  0. ]],[[0.  0.  0.  0.  0.  0.  0.  0.1 0. ]],[[0.  0.  0.  0.  0.  0.  0.  0.  0.1]]
[[ 7.4287  5.5269  2.5676 -1.9015 -0.9551 -0.3045  0.      0.      0.    ]],[[ 5.5269  4.9612  2.3961 -0.8823  0.0641  0.2588  0.      0.      0.    ]],[[ 2.5676  2.3961  1.2201 -0.6506 -0.1947  0.      0.      0.      0.    ]],[[-1.9015 -0.8823 -0.6506  6.5258  4.6727  2.1453  0.      0.      0.    ]],[[-0.9551  0.0641 -0.1947  4.6727  3.8196  1.9098  0.      0.      0.    ]],[[-0.3045  0.2588  0.      2.1453  1.9098  1.      0.      0.      0.    ]],[[0.  0.  0.  0.  0.  0.  0.1 0.  0. ]],[[0.  0.  0.  0.  0.  0.  0.  0.1 0. ]],[[0.  0.  0.  0.  0.  0.  0.  0.  0.1]]
[[616.2228 447.3956 196.843  -39.077  -24.5849 -10.0528]],[[447.3956 399.0921 179.9754  44.5605  59.0527  34.8512]],[[196.843  179.9754 136.4537  84.0465  24.2015   0.    ]],[[-39.077   44.5605  84.0465 613.4492 448.3394 204.8596]],[[-24.5849  59.0527  24.2015 448.3394 383.2296 191.6148]],[[-10.0528  34.8512   0.     204.8596 191.6148 100.    ]]
[[9. 6. 3. 0. 0. 0. 0. 0. 0.]],[[ 6.  4.  2. -0. -0. -0.  0.  0.  0.]],[[3. 2. 1. 0. 0. 0. 0. 0. 0.]],[[ 0. -0.  0.  9.  6.  3.  0.  0.  0.]],[[ 0. -0.  0.  6.  4.  2.  0.  0.  0.]],[[ 0. -0.  0.  3.  2.  1.  0.  0.  0.]],[[0.  0.  0.  0.  0.  0.  0.1 0.  0. ]],[[0.  0.  0.  0.  0.  0.  0.  0.1 0. ]],[[0.  0.  0.  0.  0.  0.  0.  0.  0.1]]
[[9.9667 4.3194 6.0585 0.0193 0.0111 0.004  0.     0.     0.    ]],[[ 4.3194  6.9218 -3.3169  0.0339  0.0256  0.0156  0.      0.      0.    ]],[[ 6.0585 -3.3169 10.6761  0.0235  0.0101  0.      0.      0.      0.    ]],[[0.0193 0.0339 0.0235 9.     6.     3.     0.     0.     0.    ]],[[0.0111 0.0256 0.0101 6.     4.     2.     0.     0.     0.    ]],[[0.004  0.0156 0.     3.     2.     1.     0.     0.     0.    ]],[[0.  0.  0.  0.  0.  0.  0.1 0.  0. ]],[[0.  0.  0.  0.  0.  0.  0.  0.1 0. ]],[[0.  0.  0.  0.  0.  0.  0.  0.  0.1]]
[[ 8.6849  6.5521  4.1532 -0.8538 -0.7544 -0.0646  0.      0.      0.    ]],[[ 6.5521  5.8554  4.2121 -1.2803 -1.1809 -0.0393  0.      0.      0.    ]],[[ 4.1532  4.2121  3.572  -1.2033 -1.1417  0.      0.      0.      0.    ]],[[-0.8538 -1.2803 -1.2033  7.8614  5.133   2.7016  0.      0.      0.    ]],[[-0.7544 -1.1809 -1.1417  5.133   3.4046  1.7023  0.      0.      0.    ]],[[-0.0646 -0.0393  0.      2.7016  1.7023  1.      0.      0.      0.    ]],[[0.  0.  0.  0.  0.  0.  0.1 0.  0. ]],[[0.  0.  0.  0.  0.  0.  0.  0.1 0. ]],[[0.  0.  0.  0.  0.  0.  0.  0.  0.1]]
[[ 8.3318  6.458   3.876  -0.6977 -0.5574  0.0826  0.      0.      0.    ]],[[ 6.458   6.6524  4.4964 -1.0876 -0.9473  0.3531  0.      0.      0.    ]],[[ 3.876   4.4964  3.5268 -1.7165 -1.3004 -0.      0.      0.      0.    ]],[[-0.6977 -1.0876 -1.7165  7.6188  4.8845  2.5402  0.      0.      0.    ]],[[-0.5574 -0.9473 -1.3004  4.8845  3.1502  1.5751  0.      0.      0.    ]],[[ 0.0826  0.3531 -0.      2.5402  1.5751  1.      0.      0.      0.    ]],[[0.  0.  0.  0.  0.  0.  0.1 0.  0. ]],[[0.  0.  0.  0.  0.  0.  0.  0.1 0. ]],[[0.  0.  0.  0.  0.  0.  0.  0.  0.1]]
[[ 7.9218  6.2001  3.332  -0.495  -0.3149  0.2112  0.      0.      0.    ]],[[ 6.2001  7.3943  4.1505 -0.5065 -0.3264  0.917   0.      0.      0.    ]],[[ 3.332   4.1505  2.9879 -1.9623 -1.2434 -0.      0.      0.      0.    ]],[[-0.495  -0.5065 -1.9623  7.3739  4.6584  2.3317  0.      0.      0.    ]],[[-0.3149 -0.3264 -1.2434  4.6584  2.9429  1.4715  0.      0.      0.    ]],[[ 0.2112  0.917  -0.      2.3317  1.4715  1.      0.      0.      0.    ]],[[0.  0.  0.  0.  0.  0.  0.1 0.  0. ]],[[0.  0.  0.  0.  0.  0.  0.  0.1 0. ]],[[0.  0.  0.  0.  0.  0.  0.  0.  0.1]]
[[ 7.6396  6.0582  2.7975 -0.4553 -0.1794  0.2734  0.      0.      0.    ]],[[6.0582 8.2515 3.318  0.2603 0.5362 1.4849 0.     0.     0.    ]],[[ 2.7975  3.318   2.1145 -1.7167 -0.9488  0.      0.      0.      0.    ]],[[-0.4553  0.2603 -1.7167  7.1588  4.5179  2.1248  0.      0.      0.    ]],[[-0.1794  0.5362 -0.9488  4.5179  2.8771  1.4385  0.      0.      0.    ]],[[0.2734 1.4849 0.     2.1248 1.4385 1.     0.     0.     0.    ]],[[0.  0.  0.  0.  0.  0.  0.1 0.  0. ]],[[0.  0.  0.  0.  0.  0.  0.  0.1 0. ]],[[0.  0.  0.  0.  0.  0.  0.  0.  0.1]]
[[ 7.4885  6.1293  2.3003 -0.7013 -0.2061  0.2721  0.      0.      0.    ]],[[6.1293 9.5534 2.2724 1.0762 1.5714 1.9921 0.     0.     0.    ]],[[ 2.3003  2.2724  1.2337 -0.8481 -0.4206  0.      0.      0.      0.    ]],[[-0.7013  1.0762 -0.8481  6.9191  4.4525  1.96    0.      0.      0.    ]],[[-0.2061  1.5714 -0.4206  4.4525  2.986   1.493   0.      0.      0.    ]],[[0.2721 1.9921 0.     1.96   1.493  1.     0.     0.     0.    ]],[[0.  0.  0.  0.  0.  0.  0.1 0.  0. ]],[[0.  0.  0.  0.  0.  0.  0.  0.1 0. ]],[[0.  0.  0.  0.  0.  0.  0.  0.  0.1]]
[[ 7.4577  6.1103  1.4014 -1.4279 -0.5418  0.1094  0.      0.      0.    ]],[[ 6.1103 11.4464  0.8674  1.9295  2.8156  2.4233  0.      0.      0.    ]],[[1.4014 0.8674 1.2613 0.8884 0.3923 0.     0.     0.     0.    ]],[[-1.4279  1.9295  0.8884  6.5621  4.4223  1.8819  0.      0.      0.    ]],[[-0.5418  2.8156  0.3923  4.4223  3.2825  1.6412  0.      0.      0.    ]],[[0.1094 2.4233 0.     1.8819 1.6412 1.     0.     0.     0.    ]],[[0.  0.  0.  0.  0.  0.  0.1 0.  0. ]],[[0.  0.  0.  0.  0.  0.  0.  0.1 0. ]],[[0.  0.  0.  0.  0.  0.  0.  0.  0.1]]
[[ 6.738   5.0969  2.6531 -1.6969 -0.8264 -0.2196  0.      0.      0.    ]],[[ 5.0969  4.5149  2.6025 -1.2494 -0.379   0.0229  0.      0.      0.    ]],[[ 2.6531  2.6025  1.6923 -1.2323 -0.402   0.      0.      0.      0.    ]],[[-1.6969 -1.2494 -1.2323  5.9532  4.3522  1.939   0.      0.      0.    ]],[[-0.8264 -0.379  -0.402   4.3522  3.7511  1.8756  0.      0.      0.    ]],[[-0.2196  0.0229  0.      1.939   1.8756  1.      0.      0.      0.    ]],[[0.  0.  0.  0.  0.  0.  0.1 0.  0. ]],[[0.  0.  0.  0.  0.  0.  0.  0.1 0. ]],[[0.  0.  0.  0.  0.  0.  0.  0.  0.1]]
[[563.1597 412.1067 171.0336 -34.0585 -20.7163  -7.19  ]],[[412.1067 389.7453 176.8302  65.4374  78.7796  46.3226]],[[171.0336 176.8302 134.8007  91.3918  32.457    0.    ]],[[-34.0585  65.4374  91.3918 560.7735 413.8906 179.0991]],[[-20.7163  78.7796  32.457  413.8906 367.0077 183.5038]],[[ -7.19    46.3226   0.     179.0991 183.5038 100.    ]]
[[9. 6. 3. 0. 0. 0. 0. 0. 0.]],[[ 6.  4.  2. -0. -0. -0.  0.  0.  0.]],[[3. 2. 1. 0. 0. 0. 0. 0. 0.]],[[ 0. -0.  0.  9.  6.  3.  0.  0.  0.]],[[ 0. -0.  0.  6.  4.  2.  0.  0.  0.]],[[ 0. -0.  0.  3.  2.  1.  0.  0.  0.]],[[0.  0.  0.  0.  0.  0.  0.1 0.  0. ]],[[0.  0.  0.  0.  0.  0.  0.  0.1 0. ]],[[0.  0.  0.  0.  0.  0.  0.  0.  0.1]]
[[9.9667 4.3194 6.0585 0.0193 0.0111 0.004  0.     0.     0.    ]],[[ 4.3194  6.9218 -3.3169  0.0339  0.0256  0.0156  0.      0.      0.    ]],[[ 6.0585 -3.3169 10.6761  0.0235  0.0101  0.      0.      0.      0.    ]],[[0.0193 0.0339 0.0235 9.     6.     3.     0.     0.     0.    ]],[[0.0111 0.0256 0.0101 6.     4.     2.     0.     0.     0.    ]],[[0.004  0.0156 0.     3.     2.     1.     0.     0.     0.    ]],[[0.  0.  0.  0.  0.  0.  0.1 0.  0. ]],[[0.  0.  0.  0.  0.  0.  0.  0.1 0. ]],[[0.  0.  0.  0.  0.  0.  0.  0.  0.1]]
[[ 8.6849  6.5521  4.1532 -0.8538 -0.7544 -0.0646  0.      0.      0.    ]],[[ 6.5521  5.8554  4.2121 -1.2803 -1.1809 -0.0393  0.      0.      0.    ]],[[ 4.1532  4.2121  3.572  -1.2033 -1.1417  0.      0.      0.      0.    ]],[[-0.8538 -1.2803 -1.2033  7.8614  5.133   2.7016  0.      0.      0.    ]],[[-0.7544 -1.1809 -1.1417  5.133   3.4046  1.7023  0.      0.      0.    ]],[[-0.0646 -0.0393  0.      2.7016  1.7023  1.      0.      0.      0.    ]],[[0.  0.  0.  0.  0.  0.  0.1 0.  0. ]],[[0.  0.  0.  0.  0.  0.  0.  0.1 0. ]],[[0.  0.  0.  0.  0.  0.  0.  0.  0.1]]
[[ 8.3318  6.458   3.876  -0.6977 -0.5574  0.0826  0.      0.      0.    ]],[[ 6.458   6.6524  4.4964 -1.0876 -0.9473  0.3531  0.      0.      0.    ]],[[ 3.876   4.4964  3.5268 -1.7165 -1.3004 -0.      0.      0.      0.    ]],[[-0.6977 -1.0876 -1.7165  7.6188  4.8845  2.5402  0.      0.      0.    ]],[[-0.5574 -0.9473 -1.3004  4.8845  3.1502  1.5751  0.      0.      0.    ]],[[ 0.0826  0.3531 -0.      2.5402  1.5751  1.      0.      0.      0.    ]],[[0.  0.  0.  0.  0.  0.  0.1 0.  0. ]],[[0.  0.  0.  0.  0.  0.  0.  0.1 0. ]],[[0.  0.  0.  0.  0.  0.  0.  0.  0.1]]
[[ 7.9218  6.2001  3.332  -0.495  -0.3149  0.2112  0.      0.      0.    ]],[[ 6.2001  7.3943  4.1505 -0.5065 -0.3264  0.917   0.      0.      0.    ]],[[ 3.332   4.1505  2.9879 -1.9623 -1.2434 -0.      0.      0.      0.    ]],[[-0.495  -0.5065 -1.9623  7.3739  4.6584  2.3317  0.      0.      0.    ]],[[-0.3149 -0.3264 -1.2434  4.6584  2.9429  1.4715  0.      0.      0.    ]],[[ 0.2112  0.917  -0.      2.3317  1.4715  1.      0.      0.      0.    ]],[[0.  0.  0.  0.  0.  0.  0.1 0.  0. ]],[[0.  0.  0.  0.  0.  0.  0.  0.1 0. ]],[[0.  0.  0.  0.  0.  0.  0.  0.  0.1]]
[[ 7.6396  6.0582  2.7975 -0.4553 -0.1794  0.2734  0.      0.      0.    ]],[[6.0582 8.2515 3.318  0.2603 0.5362 1.4849 0.     0.     0.    ]],[[ 2.7975  3.318   2.1145 -1.7167 -0.9488  0.      0.      0.      0.    ]],[[-0.4553  0.2603 -1.7167  7.1588  4.5179  2.1248  0.      0.      0.    ]],[[-0.1794  0.5362 -0.9488  4.5179  2.8771  1.4385  0.      0.      0.    ]],[[0.2734 1.4849 0.     2.1248 1.4385 1.     0.     0.     0.    ]],[[0.  0.  0.  0.  0.  0.  0.1 0.  0. ]],[[0.  0.  0.  0.  0.  0.  0.  0.1 0. ]],[[0.  0.  0.  0.  0.  0.  0.  0.  0.1]]
[[ 7.4885  6.1293  2.3003 -0.7013 -0.2061  0.2721  0.      0.      0.    ]],[[6.1293 9.5534 2.2724 1.0762 1.5714 1.9921 0.     0.     0.    ]],[[ 2.3003  2.2724  1.2337 -0.8481 -0.4206  0.      0.      0.      0.    ]],[[-0.7013  1.0762 -0.8481  6.9191  4.4525  1.96    0.      0.      0.    ]],[[-0.2061  1.5714 -0.4206  4.4525  2.986   1.493   0.      0.      0.    ]],[[0.2721 1.9921 0.     1.96   1.493  1.     0.     0.     0.    ]],[[0.  0.  0.  0.  0.  0.  0.1 0.  0. ]],[[0.  0.  0.  0.  0.  0.  0.  0.1 0. ]],[[0.  0.  0.  0.  0.  0.  0.  0.  0.1]]
[[ 7.4577  6.1103  1.4014 -1.4279 -0.5418  0.1094  0.      0.      0.    ]],[[ 6.1103 11.4464  0.8674  1.9295  2.8156  2.4233  0.      0.      0.    ]],[[1.4014 0.8674 1.2613 0.8884 0.3923 0.     0.     0.     0.    ]],[[-1.4279  1.9295  0.8884  6.5621  4.4223  1.8819  0.      0.      0.    ]],[[-0.5418  2.8156  0.3923  4.4223  3.2825  1.6412  0.      0.      0.    ]],[[0.1094 2.4233 0.     1.8819 1.6412 1.     0.     0.     0.    ]],[[0.  0.  0.  0.  0.  0.  0.1 0.  0. ]],[[0.  0.  0.  0.  0.  0.  0.  0.1 0. ]],[[0.  0.  0.  0.  0.  0.  0.  0.  0.1]]
[[ 6.738   5.0969  2.6531 -1.6969 -0.8264 -0.2196  0.      0.      0.    ]],[[ 5.0969  4.5149  2.6025 -1.2494 -0.379   0.0229  0.      0.      0.    ]],[[ 2.6531  2.6025  1.6923 -1.2323 -0.402   0.      0.      0.      0.    ]],[[-1.6969 -1.2494 -1.2323  5.9532  4.3522  1.939   0.      0.      0.    ]],[[-0.8264 -0.379  -0.402   4.3522  3.7511  1.8756  0.      0.      0.    ]],[[-0.2196  0.0229  0.      1.939   1.8756  1.      0.      0.      0.    ]],[[0.  0.  0.  0.  0.  0.  0.1 0.  0. ]],[[0.  0.  0.  0.  0.  0.  0.  0.1 0. ]],[[0.  0.  0.  0.  0.  0.  0.  0.  0.1]]
[[563.1597 412.1067 171.0336 -34.0585 -20.7163  -7.19  ]],[[412.1067 389.7453 176.8302  65.4374  78.7796  46.3226]],[[171.0336 176.8302 134.8007  91.3918  32.457    0.    ]],[[-34.0585  65.4374  91.3918 560.7735 413.8906 179.0991]],[[-20.7163  78.7796  32.457  413.8906 367.0077 183.5038]],[[ -7.19    46.3226   0.     179.0991 183.5038 100.    ]]
[[9. 6. 3. 0. 0. 0. 0. 0. 0.]],[[ 6.  4.  2. -0. -0. -0.  0.  0.  0.]],[[ 3.  2.  1.  0.  0. -0.  0.  0.  0.]],[[ 0. -0.  0.  9.  6.  3.  0.  0.  0.]],[[ 0. -0.  0.  6.  4.  2.  0.  0.  0.]],[[ 0. -0. -0.  3.  2.  1.  0.  0.  0.]],[[0.  0.  0.  0.  0.  0.  0.1 0.  0. ]],[[0.  0.  0.  0.  0.  0.  0.  0.1 0. ]],[[0.  0.  0.  0.  0.  0.  0.  0.  0.1]]
[[10.599   1.0545  9.186   0.014   0.0082  0.0031  0.      0.      0.    ]],[[  1.0545  19.296  -17.1326   0.028    0.0222   0.0143   0.       0.       0.    ]],[[  9.186  -17.1326  24.9317   0.0185   0.0079   0.       0.       0.       0.    ]],[[0.014  0.028  0.0185 9.     6.     3.     0.     0.     0.    ]],[[0.0082 0.0222 0.0079 6.     4.     2.     0.     0.     0.    ]],[[0.0031 0.0143 0.     3.     2.     1.     0.     0.     0.    ]],[[0.  0.  0.  0.  0.  0.  0.1 0.  0. ]],[[0.  0.  0.  0.  0.  0.  0.  0.1 0. ]],[[0.  0.  0.  0.  0.  0.  0.  0.  0.1]]
[[ 6.6904  5.6364  4.0462  0.0613 -0.3744  0.4094  0.      0.      0.    ]],[[ 5.6364  7.2247  5.7225 -1.2398 -1.6756  0.371   0.      0.      0.    ]],[[ 4.0462  5.7225  5.3636 -1.9838 -2.0466  0.      0.      0.      0.    ]],[[ 0.0613 -1.2398 -1.9838  5.7416  3.5712  2.1999  0.      0.      0.    ]],[[-0.3744 -1.6756 -2.0466  3.5712  2.4007  1.2004  0.      0.      0.    ]],[[0.4094 0.371  0.     2.1999 1.2004 1.     0.     0.     0.    ]],[[0.  0.  0.  0.  0.  0.  0.1 0.  0. ]],[[0.  0.  0.  0.  0.  0.  0.  0.1 0. ]],[[0.  0.  0.  0.  0.  0.  0.  0.  0.1]]
[[ 6.2693  5.2857  3.3883  0.1839 -0.1057  0.5012  0.      0.      0.    ]],[[ 5.2857  8.3523  6.1905 -0.9361 -1.2257  1.029   0.      0.      0.    ]],[[ 3.3883  6.1905  6.0885 -2.9364 -2.2547 -0.      0.      0.      0.    ]],[[ 0.1839 -0.9361 -2.9364  5.6305  3.346   1.9839  0.      0.      0.    ]],[[-0.1057 -1.2257 -2.2547  3.346   2.0614  1.0307  0.      0.      0.    ]],[[ 0.5012  1.029  -0.      1.9839  1.0307  1.      0.      0.      0.    ]],[[0.  0.  0.  0.  0.  0.  0.1 0.  0. ]],[[0.  0.  0.  0.  0.  0.  0.  0.1 0. ]],[[0.  0.  0.  0.  0.  0.  0.  0.  0.1]]
[[5.8312 4.727  2.3325 0.3218 0.1446 0.5025 0.     0.     0.    ]],[[ 4.727   9.3885  5.129  -0.0347 -0.2119  1.9274  0.      0.      0.    ]],[[ 2.3325  5.129   5.6181 -3.542  -2.1393 -0.      0.      0.      0.    ]],[[ 0.3218 -0.0347 -3.542   5.4816  3.146   1.6628  0.      0.      0.    ]],[[ 0.1446 -0.2119 -2.1393  3.146   1.8105  0.9052  0.      0.      0.    ]],[[ 0.5025  1.9274 -0.      1.6628  0.9052  1.      0.      0.      0.    ]],[[0.  0.  0.  0.  0.  0.  0.1 0.  0. ]],[[0.  0.  0.  0.  0.  0.  0.  0.1 0. ]],[[0.  0.  0.  0.  0.  0.  0.  0.  0.1]]
[[5.6555 4.8691 1.5386 0.4413 0.3479 0.5685 0.     0.     0.    ]],[[ 4.8691 11.5818  2.7565  1.446   1.3526  2.8895  0.      0.      0.    ]],[[ 1.5386  2.7565  3.3943 -2.9457 -1.5369  0.      0.      0.      0.    ]],[[ 0.4413  1.446  -2.9457  5.3081  3.0381  1.2977  0.      0.      0.    ]],[[ 0.3479  1.3526 -1.5369  3.0381  1.7681  0.8841  0.      0.      0.    ]],[[0.5685 2.8895 0.     1.2977 0.8841 1.     0.     0.     0.    ]],[[0.  0.  0.  0.  0.  0.  0.1 0.  0. ]],[[0.  0.  0.  0.  0.  0.  0.  0.1 0. ]],[[0.  0.  0.  0.  0.  0.  0.  0.  0.1]]
[[5.9824 6.5737 1.1232 0.3247 0.6144 0.9011 0.     0.     0.    ]],[[ 6.5737 16.4516  1.1197  3.2125  3.5022  3.7793  0.      0.      0.    ]],[[ 1.1232  1.1197  1.0768 -0.5542 -0.2771  0.      0.      0.      0.    ]],[[ 0.3247  3.2125 -0.5542  5.0771  3.0595  1.0385  0.      0.      0.    ]],[[ 0.6144  3.5022 -0.2771  3.0595  2.0419  1.0209  0.      0.      0.    ]],[[0.9011 3.7793 0.     1.0385 1.0209 1.     0.     0.     0.    ]],[[0.  0.  0.  0.  0.  0.  0.1 0.  0. ]],[[0.  0.  0.  0.  0.  0.  0.  0.1 0. ]],[[0.  0.  0.  0.  0.  0.  0.  0.  0.1]]
[[ 6.5805  7.8745 -0.2738 -0.1722  0.8751  1.1499  0.      0.      0.    ]],[[ 7.8745 20.1547  1.6978  4.809   5.8563  4.1707  0.      0.      0.    ]],[[-0.2738  1.6978  4.2717  3.4147  1.6856 -0.      0.      0.      0.    ]],[[-0.1722  4.809   3.4147  4.707   3.2163  1.0692  0.      0.      0.    ]],[[0.8751 5.8563 1.6856 3.2163 2.7255 1.3628 0.     0.     0.    ]],[[ 1.1499  4.1707 -0.      1.0692  1.3628  1.      0.      0.      0.    ]],[[0.  0.  0.  0.  0.  0.  0.1 0.  0. ]],[[0.  0.  0.  0.  0.  0.  0.  0.1 0. ]],[[0.  0.  0.  0.  0.  0.  0.  0.  0.1]]
[[ 4.4182  3.7263  1.8512 -0.771  -0.2827  0.0033  0.      0.      0.    ]],[[ 3.7263  4.055   2.3148 -1.0434 -0.5551 -0.1272  0.      0.      0.    ]],[[ 1.8512  2.3148  1.6303 -1.1498 -0.428   0.      0.      0.      0.    ]],[[-0.771  -1.0434 -1.1498  4.1313  3.4079  1.4261  0.      0.      0.    ]],[[-0.2827 -0.5551 -0.428   3.4079  3.6845  1.8423  0.      0.      0.    ]],[[ 0.0033 -0.1272  0.      1.4261  1.8423  1.      0.      0.      0.    ]],[[0.  0.  0.  0.  0.  0.  0.1 0.  0. ]],[[0.  0.  0.  0.  0.  0.  0.  0.1 0. ]],[[0.  0.  0.  0.  0.  0.  0.  0.  0.1]]
[[397.4043 327.4638 126.9578  -3.1415   3.1609   3.5977]],[[327.4638 379.5546 190.7622  84.3728  90.6752  44.9163]],[[126.9578 190.7622 153.9798 110.4347  45.7589   0.    ]],[[ -3.1415  84.3728 110.4347 397.0023 326.7379 130.7933]],[[  3.1609  90.6752  45.7589 326.7379 356.4735 178.2367]],[[  3.5977  44.9163  -0.     130.7933 178.2367 100.    ]]
[[ 8.9989  5.9991  2.9997 -0.0001 -0.0001 -0.      0.      0.      0.    ]],[[ 5.9991  3.9994  1.9997 -0.0001 -0.0001 -0.      0.      0.      0.    ]],[[ 2.9997  1.9997  1.     -0.     -0.     -0.      0.      0.      0.    ]],[[-0.0001 -0.0001 -0.      8.9989  5.9991  2.9997  0.      0.      0.    ]],[[-0.0001 -0.0001 -0.      5.9991  3.9994  1.9997  0.      0.      0.    ]],[[-0.     -0.     -0.      2.9997  1.9997  1.      0.      0.      0.    ]],[[0.  0.  0.  0.  0.  0.  0.1 0.  0. ]],[[0.  0.  0.  0.  0.  0.  0.  0.1 0. ]],[[0.  0.  0.  0.  0.  0.  0.  0.  0.1]]
[[10.6432  0.6255  9.5233 -0.0378 -0.0317 -0.0181  0.      0.      0.    ]],[[  0.6255  21.5767 -19.3354   0.045    0.0512   0.0331   0.       0.       0.    ]],[[  9.5233 -19.3354  26.8994   0.0657   0.0181   0.       0.       0.       0.    ]],[[-0.0378  0.045   0.0657  8.9999  5.9999  2.9999  0.      0.      0.    ]],[[-0.0317  0.0512  0.0181  5.9999  4.      2.      0.      0.      0.    ]],[[-0.0181  0.0331  0.      2.9999  2.      1.      0.      0.      0.    ]],[[0.  0.  0.  0.  0.  0.  0.1 0.  0. ]],[[0.  0.  0.  0.  0.  0.  0.  0.1 0. ]],[[0.  0.  0.  0.  0.  0.  0.  0.  0.1]]
[[ 6.4354  5.5028  4.0376  0.1673 -0.3382  0.4684  0.      0.      0.    ]],[[ 5.5028  7.3981  5.973  -1.237  -1.7425  0.4105  0.      0.      0.    ]],[[ 4.0376  5.973   5.7194 -2.0599 -2.153  -0.      0.      0.      0.    ]],[[ 0.1673 -1.237  -2.0599  5.447   3.357   2.1326  0.      0.      0.    ]],[[-0.3382 -1.7425 -2.153   3.357   2.267   1.1335  0.      0.      0.    ]],[[ 0.4684  0.4105 -0.      2.1326  1.1335  1.      0.      0.      0.    ]],[[0.  0.  0.  0.  0.  0.  0.1 0.  0. ]],[[0.  0.  0.  0.  0.  0.  0.  0.1 0. ]],[[0.  0.  0.  0.  0.  0.  0.  0.  0.1]]
[[ 6.0341  5.1744  3.3559  0.2798 -0.0695  0.5611  0.      0.      0.    ]],[[ 5.1744  8.5922  6.5051 -0.9146 -1.264   1.1126  0.      0.      0.    ]],[[ 3.3559  6.5051  6.658  -3.1011 -2.3766  0.      0.      0.      0.    ]],[[ 0.2798 -0.9146 -3.1011  5.35    3.1331  1.9106  0.      0.      0.    ]],[[-0.0695 -1.264  -2.3766  3.1331  1.9162  0.9581  0.      0.      0.    ]],[[0.5611 1.1126 0.     1.9106 0.9581 1.     0.     0.     0.    ]],[[0.  0.  0.  0.  0.  0.  0.1 0.  0. ]],[[0.  0.  0.  0.  0.  0.  0.  0.1 0. ]],[[0.  0.  0.  0.  0.  0.  0.  0.  0.1]]
[[5.6146 4.6767 2.2499 0.4075 0.1819 0.5646 0.     0.     0.    ]],[[ 4.6767  9.818   5.404   0.0052 -0.2204  2.0707  0.      0.      0.    ]],[[ 2.2499  5.404   6.4059 -3.845  -2.2911  0.      0.      0.      0.    ]],[[ 0.4075  0.0052 -3.845   5.2112  2.9354  1.5737  0.      0.      0.    ]],[[ 0.1819 -0.2204 -2.2911  2.9354  1.6596  0.8298  0.      0.      0.    ]],[[0.5646 2.0707 0.     1.5737 0.8298 1.     0.     0.     0.    ]],[[0.  0.  0.  0.  0.  0.  0.1 0.  0. ]],[[0.  0.  0.  0.  0.  0.  0.  0.1 0. ]],[[0.  0.  0.  0.  0.  0.  0.  0.  0.1]]
[[5.4486 4.9032 1.3825 0.5159 0.392  0.6294 0.     0.     0.    ]],[[ 4.9032 12.3866  2.6965  1.5364  1.4125  3.0905  0.      0.      0.    ]],[[ 1.3825  2.6965  3.9237 -3.2653 -1.678   0.      0.      0.      0.    ]],[[ 0.5159  1.5364 -3.2653  5.0383  2.8269  1.1797  0.      0.      0.    ]],[[ 0.392   1.4125 -1.678   2.8269  1.6156  0.8078  0.      0.      0.    ]],[[0.6294 3.0905 0.     1.1797 0.8078 1.     0.     0.     0.    ]],[[0.  0.  0.  0.  0.  0.  0.1 0.  0. ]],[[0.  0.  0.  0.  0.  0.  0.  0.1 0. ]],[[0.  0.  0.  0.  0.  0.  0.  0.  0.1]]
[[5.7612 6.5794 0.9537 0.4131 0.6881 0.9577 0.     0.     0.    ]],[[ 6.5794 16.9668  0.9677  3.3527  3.6277  3.8807  0.      0.      0.    ]],[[ 0.9537  0.9677  1.0642 -0.506  -0.253  -0.      0.      0.      0.    ]],[[ 0.4131  3.3527 -0.506   4.7941  2.8485  0.8971  0.      0.      0.    ]],[[ 0.6881  3.6277 -0.253   2.8485  1.9028  0.9514  0.      0.      0.    ]],[[ 0.9577  3.8807 -0.      0.8971  0.9514  1.      0.      0.      0.    ]],[[0.  0.  0.  0.  0.  0.  0.1 0.  0. ]],[[0.  0.  0.  0.  0.  0.  0.  0.1 0. ]],[[0.  0.  0.  0.  0.  0.  0.  0.  0.1]]
[[ 6.2057  7.4695 -0.1256 -0.0008  0.9877  1.1881  0.      0.      0.    ]],[[ 7.4695 18.7669  2.1996  4.7048  5.6933  3.9877  0.      0.      0.    ]],[[-0.1256  2.1996  4.2169  3.3762  1.7056 -0.      0.      0.      0.    ]],[[-0.0008  4.7048  3.3762  4.4375  3.0281  0.9455  0.      0.      0.    ]],[[0.9877 5.6933 1.7056 3.0281 2.6187 1.3093 0.     0.     0.    ]],[[ 1.1881  3.9877 -0.      0.9455  1.3093  1.      0.      0.      0.    ]],[[0.  0.  0.  0.  0.  0.  0.1 0.  0. ]],[[0.  0.  0.  0.  0.  0.  0.  0.1 0. ]],[[0.  0.  0.  0.  0.  0.  0.  0.  0.1]]
[[ 4.2115  3.5242  1.5637 -0.6797 -0.2337  0.0353  0.      0.      0.    ]],[[ 3.5242  3.8381  2.0427 -0.7449 -0.2989  0.0045  0.      0.      0.    ]],[[ 1.5637  2.0427  1.2474 -0.7421 -0.3034 -0.      0.      0.      0.    ]],[[-0.6797 -0.7449 -0.7421  3.9733  3.2791  1.3216  0.      0.      0.    ]],[[-0.2337 -0.2989 -0.3034  3.2791  3.5849  1.7925  0.      0.      0.    ]],[[ 0.0353  0.0045 -0.      1.3216  1.7925  1.      0.      0.      0.    ]],[[0.  0.  0.  0.  0.  0.  0.1 0.  0. ]],[[0.  0.  0.  0.  0.  0.  0.  0.1 0. ]],[[0.  0.  0.  0.  0.  0.  0.  0.  0.1]]
[[384.0089 318.962  121.0103  -1.9397   3.9883   3.9395]],[[318.962  387.834  198.5165 105.5329 111.4609  53.9974]],[[121.0103 198.5165 178.6266 133.678   57.4635   0.    ]],[[ -1.9397 105.5329 133.678  383.6463 317.9831 125.0488]],[[  3.9883 111.4609  57.4635 317.9831 352.3199 176.16  ]],[[  3.9395  53.9974   0.     125.0488 176.16   100.    ]]
